6 -1 5 -1 7 -1 #SUP: 1
5 -1 6 -1 7 -1 #SUP: 1
6 -1 4 -1 7 -1 #SUP: 1
4 -1 6 -1 7 -1 #SUP: 1
3 -1 6 -1 7 -1 #SUP: 1
4 5 -1 7 -1 #SUP: 1
5 -1 6 -1 5 -1 #SUP: 1
4 5 -1 6 -1 #SUP: 1
5 -1 6 -1 4 -1 #SUP: 1
4 -1 6 -1 5 -1 #SUP: 1
6 -1 4 5 -1 #SUP: 1
3 -1 5 -1 7 -1 #SUP: 1
4 -1 6 -1 4 -1 #SUP: 1
5 -1 3 -1 6 -1 #SUP: 1
3 -1 4 -1 7 -1 #SUP: 1
3 -1 6 -1 5 -1 #SUP: 1
4 -1 3 -1 6 -1 #SUP: 1
5 -1 3 -1 5 -1 #SUP: 1
3 -1 6 -1 4 -1 #SUP: 1
4 -1 3 -1 5 -1 #SUP: 1
4 5 -1 3 -1 #SUP: 1
5 -1 3 -1 4 -1 #SUP: 1
3 -1 4 5 -1 #SUP: 1
4 -1 3 -1 4 -1 #SUP: 1
